178
682 1968
380 1988
160 1992
727 1993
290 2030
105 2041
469 2062
592 2064
567 2065
997 2071
664 2077
424 2078
188 2080
144 2081
139 2082
900 2085
414 2096
561 2096
716 2116
326 2120
825 2137
96 2143
878 2146
747 2151
257 2152
815 2161
30 2163
375 2164
732 2165
251 2166
764 2166
309 2168
444 2168
454 2169
381 2170
49 2171
976 2172
14 2174
407 2176
919 2176
370 2179
913 2181
487 2183
750 2193
480 2194
438 2195
147 2196
510 2199
794 2201
639 2207
427 2208
258 2209
902 2211
213 2212
239 2212
272 2213
236 2215
963 2217
310 2219
541 2222
737 2222
401 2223
5 2227
653 2227
109 2228
897 2228
403 2229
210 2231
353 2231
110 2232
151 2232
699 2232
408 2233
635 2233
10 2235
766 2235
809 2235
182 2237
968 2237
106 2238
399 2238
504 2238
42 2239
392 2240
172 2241
320 2241
566 2241
411 2243
838 2244
63 2245
137 2246
362 2247
916 2247
248 2248
537 2248
572 2249
547 2251
552 2251
145 2252
613 2252
46 2253
81 2258
216 2258
710 2258
773 2258
780 2258
689 2260
981 2260
329 2262
692 2262
23 2263
220 2263
952 2263
128 2264
616 2264
752 2264
961 2264
950 2265
264 2267
658 2269
691 2270
957 2270
67 2272
481 2272
638 2275
848 2275
702 2276
942 2276
34 2277
92 2280
757 2280
207 2281
339 2281
874 2281
749 2282
20 2283
76 2283
161 2283
247 2283
346 2283
851 2283
86 2284
718 2284
47 2285
472 2285
511 2285
875 2286
150 2288
857 2288
134 2289
641 2290
26 2292
135 2292
173 2293
416 2293
68 2294
70 2294
841 2295
558 2296
839 2297
840 2297
305 2299
371 2299
432 2299
868 2299
359 2301
970 2301
31 2303
158 2303
266 2303
281 2303
671 2303
736 2303
535 2304
293 2305
800 2306
991 2307
332 2308
813 2309
255 2310
153 2311
606 2312
301 2313
268 2316
754 2316
760 2316
832 2316
886 2316
517 2318
119 2320
417 2320
826 2320
415 2321
470 2321
604 2321
676 2321
274 2322
802 2322
223 2323
859 2323
73 2324
185 2325
587 2325
924 2325
386 2326
719 2326
282 2330
448 2330
55 2331
668 2331
863 2331
792 2332
317 2333
930 2333
944 2333
217 2335
834 2335
966 2335
441 2337
529 2337
410 2338
522 2338
599 2339
350 2340
369 2340
457 2340
490 2340
690 2340
880 2341
908 2341
244 2342
895 2343
77 2344
176 2344
177 2344
498 2344
996 2344
348 2346
437 2346
654 2348
731 2348
899 2348
651 2349
327 2352
94 2353
235 2353
644 2354
695 2354
729 2354
2 2355
782 2355
984 2355
277 2356
83 2357
542 2357
906 2357
464 2358
476 2358
477 2358
486 2358
518 2358
700 2358
214 2359
985 2359
394 2360
601 2360
142 2361
196 2361
374 2361
688 2361
36 2362
198 2362
252 2362
372 2362
531 2362
681 2363
100 2364
520 2364
730 2364
192 2366
586 2366
756 2366
406 2367
672 2367
149 2368
687 2368
998 2368
159 2370
422 2370
538 2371
351 2372
551 2372
609 2372
784 2372
953 2372
72 2373
179 2373
751 2373
925 2373
767 2374
28 2375
200 2375
215 2377
238 2377
573 2377
928 2377
532 2379
852 2379
937 2379
954 2379
206 2380
435 2380
959 2380
126 2381
926 2381
943 2381
43 2382
383 2382
596 2382
89 2384
304 2384
118 2386
335 2386
703 2387
877 2387
62 2388
528 2388
763 2388
889 2388
655 2389
904 2389
964 2389
491 2390
656 2390
8 2391
516 2391
882 2391
995 2391
999 2391
225 2392
987 2392
396 2393
898 2393
521 2394
933 2394
227 2395
640 2395
720 2395
306 2397
972 2397
580 2398
614 2398
453 2399
931 2399
125 2400
492 2400
881 2401
986 2401
97 2404
801 2405
990 2405
269 2406
69 2407
186 2407
349 2407
431 2407
450 2407
776 2407
366 2408
123 2409
146 2410
231 2410
318 2410
739 2411
844 2411
936 2412
140 2415
828 2415
631 2418
869 2418
342 2419
585 2419
722 2419
167 2420
289 2420
559 2420
743 2420
771 2420
706 2421
115 2423
154 2423
164 2423
180 2423
612 2423
127 2424
209 2424
397 2424
733 2424
368 2425
398 2425
166 2426
777 2426
233 2428
891 2428
191 2429
855 2429
25 2431
162 2431
254 2431
804 2431
892 2431
48 2432
32 2434
199 2434
554 2435
603 2435
203 2436
355 2436
425 2436
698 2436
876 2437
847 2439
870 2439
992 2439
540 2440
590 2440
234 2441
364 2441
550 2441
845 2441
927 2441
15 2442
114 2442
465 2443
885 2443
949 2443
24 2444
385 2444
505 2444
711 2444
830 2444
313 2445
527 2445
539 2445
726 2445
772 2445
867 2445
152 2447
265 2447
373 2447
625 2447
66 2448
575 2448
660 2448
705 2448
768 2448
299 2449
405 2449
574 2449
922 2449
75 2450
321 2450
576 2450
849 2450
910 2450
445 2451
619 2451
884 2451
969 2451
108 2452
322 2453
524 2453
584 2453
488 2454
337 2455
4 2457
459 2457
645 2458
347 2459
376 2459
263 2461
328 2461
608 2461
918 2461
201 2463
643 2463
796 2463
598 2464
618 2464
939 2464
136 2465
302 2465
774 2465
977 2465
58 2466
280 2467
358 2467
436 2467
753 2467
819 2467
338 2468
345 2468
124 2469
148 2469
483 2469
860 2469
894 2469
295 2470
667 2470
864 2470
378 2471
479 2472
725 2472
56 2473
99 2473
157 2473
276 2474
288 2474
230 2475
270 2475
534 2477
591 2477
791 2478
781 2480
334 2481
460 2481
452 2482
507 2482
951 2483
911 2484
130 2485
354 2485
451 2485
810 2485
946 2485
205 2486
261 2486
275 2486
493 2486
562 2486
607 2486
701 2486
363 2487
684 2487
1 2488
365 2488
560 2488
637 2489
901 2491
683 2492
831 2492
41 2493
571 2493
13 2494
40 2495
19 2496
588 2496
611 2496
500 2497
666 2497
790 2497
820 2498
211 2499
993 2500
7 2501
440 2501
788 2501
447 2502
633 2502
761 2502
16 2503
284 2503
564 2503
685 2503
746 2503
52 2504
331 2504
389 2504
793 2504
133 2505
455 2506
696 2506
218 2507
367 2507
600 2507
967 2507
296 2508
402 2508
497 2508
526 2508
888 2508
88 2509
287 2509
501 2509
678 2509
190 2511
341 2511
449 2511
917 2512
53 2514
98 2514
102 2514
356 2514
357 2514
630 2515
212 2516
652 2516
536 2517
762 2518
893 2518
583 2519
905 2519
428 2520
495 2520
909 2520
595 2521
945 2521
615 2522
634 2523
499 2524
673 2524
193 2525
662 2525
107 2526
249 2526
545 2526
965 2526
988 2526
35 2527
478 2527
605 2527
208 2528
647 2528
219 2533
390 2533
194 2534
393 2534
189 2535
307 2535
21 2536
116 2536
237 2536
311 2536
632 2536
646 2536
91 2537
95 2537
413 2537
665 2537
989 2537
758 2539
59 2540
593 2540
709 2540
769 2541
775 2541
300 2542
822 2542
883 2542
90 2543
291 2544
17 2545
744 2545
132 2546
242 2546
388 2546
475 2546
570 2546
629 2546
141 2547
360 2547
915 2547
473 2548
38 2549
229 2549
835 2550
861 2550
958 2551
433 2552
471 2553
765 2554
979 2555
621 2556
657 2556
807 2556
824 2556
509 2557
663 2557
866 2557
494 2558
597 2558
636 2558
468 2559
649 2559
715 2559
195 2560
728 2561
85 2562
297 2562
973 2562
221 2563
462 2563
674 2563
759 2563
50 2564
57 2565
315 2565
577 2565
920 2565
138 2566
708 2566
271 2569
873 2569
9 2570
316 2570
610 2572
314 2573
797 2573
187 2574
361 2574
770 2574
65 2575
93 2575
319 2575
377 2575
778 2575
912 2575
325 2576
670 2576
224 2577
659 2577
717 2577
923 2577
74 2578
298 2578
340 2578
442 2578
503 2578
183 2579
982 2580
808 2582
983 2582
285 2583
404 2584
582 2584
980 2584
785 2585
308 2588
935 2588
423 2589
379 2590
947 2590
279 2591
303 2591
783 2591
267 2592
324 2592
929 2592
78 2593
278 2593
443 2593
956 2593
163 2594
466 2594
921 2594
712 2595
858 2595
165 2598
430 2598
533 2598
421 2599
975 2600
806 2601
113 2602
429 2604
648 2604
111 2605
482 2605
843 2606
33 2607
45 2607
343 2607
37 2608
805 2608
12 2609
155 2609
391 2609
474 2609
617 2609
827 2609
485 2610
530 2610
856 2610
938 2611
865 2612
256 2613
283 2613
333 2613
384 2613
578 2615
82 2616
446 2617
61 2618
439 2619
934 2619
940 2619
232 2620
344 2620
489 2620
506 2620
112 2622
84 2623
352 2624
515 2626
914 2627
39 2628
51 2629
679 2629
960 2629
458 2630
11 2631
202 2631
228 2632
948 2632
426 2633
262 2634
661 2635
724 2635
156 2636
680 2636
241 2637
799 2637
890 2637
250 2638
626 2640
741 2641
294 2643
519 2643
721 2643
496 2644
525 2645
817 2645
650 2646
846 2646
245 2647
523 2647
555 2647
707 2647
418 2648
803 2648
713 2649
204 2651
818 2651
101 2652
738 2652
513 2653
514 2654
842 2654
6 2655
543 2657
955 2658
589 2660
170 2661
693 2661
871 2664
420 2666
669 2666
467 2667
994 2667
260 2668
745 2668
557 2669
563 2669
197 2671
544 2671
104 2672
143 2672
184 2672
740 2672
786 2672
594 2673
812 2673
579 2675
463 2676
54 2679
829 2679
704 2680
850 2681
779 2682
174 2683
395 2685
273 2686
941 2687
419 2688
502 2688
175 2689
642 2689
907 2689
565 2690
789 2690
171 2692
798 2692
412 2694
122 2695
129 2695
292 2696
837 2696
755 2697
814 2697
686 2699
226 2702
64 2703
735 2703
628 2707
602 2708
568 2709
836 2712
872 2714
336 2715
971 2722
623 2725
18 2726
60 2726
87 2726
461 2727
382 2728
222 2729
3 2730
29 2730
823 2731
80 2732
181 2734
581 2734
246 2736
512 2736
624 2738
862 2740
117 2742
546 2742
620 2743
675 2743
811 2744
456 2745
694 2746
120 2747
103 2749
323 2750
932 2750
854 2751
71 2758
887 2764
677 2771
896 2772
286 2773
548 2776
569 2777
734 2779
387 2780
795 2782
978 2782
962 2788
312 2792
742 2793
169 2794
259 2794
627 2794
853 2795
974 2800
243 2802
253 2802
484 2802
833 2802
714 2804
549 2809
79 2811
409 2814
400 2817
508 2821
821 2821
723 2823
748 2824
434 2828
553 2833
1000 2836
27 2840
879 2846
22 2851
168 2858
903 2864
131 2867
622 2874
121 2880
330 2887
787 2893
44 2907
556 2911
816 2940
697 2956
240 3014
